*************************** TÉRMINO *************************
************************* 4 ITERAÇÕES ***********************


Barra          Tensao (pu)          Angulo          Módulo da Tensao
     3          0.951245           -1.6736               7578.981
   990          0.994312           -0.2686               7922.114
  1310          0.952854           -1.1879               7591.798
  1466          0.956551           -1.2977               7621.260
  3947          0.929398           -2.8625                203.903
  4015          0.938444           -2.1213                205.888
  4188          0.905968           -2.5287                198.763
  5820          0.928335           -2.4081                235.829
  5830          0.947113           -1.4556                240.599
  5840          0.947269           -1.4574                240.638

         Trecho                   Potencia Ativa            Perda Ativa
Barra inicial  Barra final
      0          1185                 1810.442                   0.149
    710           543                   51.533                   0.002
    776          1748                13473.327               13086.688
   1543          1542                  660.532                   0.039
   1600          1387                 1517.924                   0.149
   1631          1630                   25.681                   0.000
   1748           776                 -386.638               13086.688
   2867          2868                    5.605                   0.010
   2878          2877                   -4.107                   0.014
   3640          3947                    6.548                   0.001

Potencia ativa total gerada:                       1810.442
Potencia ativa total de carga (absorvida):     -1089232.069
Perda ativa total:                              1091042.511
  