*************************** TÉRMINO *************************
************************* 3 ITERAÇÕES ***********************


Barra          Tensao (pu)          Angulo          Módulo da Tensao
     0          1.000000            0.0000               7967.434
     1          0.950002           -1.6971               7569.075
    47          0.949670           -1.6986               7566.435
   633          0.952944           -1.4924               7592.516
  1414          0.959761           -1.1210               7646.833
  1429          0.958100           -1.1904               7633.600
  1528          0.955043           -1.3299               7609.242
  1607          0.997308           -0.1625               7945.985
  1609          0.999228           -0.0489               7961.285
  1636          0.997308           -0.1625               7945.985

         Trecho                   Potencia Ativa            Perda Ativa
Barra inicial  Barra final
      0          1185                 1853.159                   0.156
      1             2                  315.603                   0.018
      1            92                 -315.603                   0.018
     47             6                 -294.432                   0.029
     47            31                  294.432                   0.017
    633           632                  673.094                   0.069
    633           634                 -673.094                   0.076
   1414          1415                 1544.286                   0.138
   1607           286                    0.000                   0.000
   1621          1622                 1850.432                   0.148

Potencia ativa total gerada:                       1853.159
Potencia ativa total de carga (absorvida):         1781.390
Perda ativa total:                                   71.769
