*************************** TÉRMINO *************************
************************* 3 ITERAÇÕES ***********************


Barra          Tensao (pu)          Angulo          Módulo da Tensao
  2             0.969477           -2.3034                123.140
 11             0.970124           -2.3430                123.222
 25             0.973131           -1.9674                123.604
 28             0.972731           -1.9701                123.553
 30             0.969597           -2.3468                123.155
 42             0.991272           -0.7801               7897.894
 43             0.991236           -0.7801               7897.605
 47             0.991905           -0.7744               7902.941
 48             0.991666           -0.7766               7901.034
 49             0.991480           -0.7784               7899.554

         Trecho                   Potencia Ativa            Perda Ativa
Barra inicial  Barra final
      3             4                 1106.332                   0.253
      6             5                 -516.354                   0.056
     12            28               116901.478              114883.571
     13             9                -2072.832              114937.309
     17             1                   -7.314                   0.041
     18             2                    7.399                   0.041
     19            20                 1040.765                   0.228
     24            52                 6680.793                  -0.000
     60            62               116922.663              114851.424
     75             2               116913.444              114849.410

Potencia ativa total gerada:                       6680.793
Potencia ativa total de carga (absorvida):     -2865946.746
Perda ativa total:                              2872627.540
